Maximum length of an datasource attribute: 16

Edit-Distance-Matrix: 
[(0.8125, 0.4375, 0.375, 0.6875, 0.9375, 0.875, 0.4375, 0.5, 0.875, 0.0, 0.8125, 0.625, 0.9375, 0.9375, 0.4375, 0.3125, 0.625, 0.9375, 0.9375, 0.9375, 0.6875, 0.375, 0.6875, 1.0, 0.4375, 0.5, 0.5, 0.8125, 0.625, 0.9375, 1.0, 0.3125, 0.8125, 0.9375, 0.9375, 0.9375, 0.9375, 0.8125, 0.625, 0.75, 0.8125)),
(0.6875, 0.625, 0.5625, 0.6875, 0.75, 0.75, 0.625, 0.6875, 0.75, 0.1875, 0.75, 0.6875, 0.75, 0.75, 0.5, 0.4375, 0.6875, 0.75, 0.75, 0.75, 0.75, 0.5625, 0.75, 0.75, 0.625, 0.6875, 0.625, 0.75, 0.6875, 0.75, 0.75, 0.4375, 0.8125, 0.75, 0.75, 0.75, 0.75, 0.75, 0.6875, 0.75, 0.75)),
(0.625, 0.4375, 0.375, 0.625, 0.75, 0.6875, 0.4375, 0.5, 0.6875, 0.125, 0.625, 0.5625, 0.6875, 0.75, 0.5, 0.375, 0.625, 0.6875, 0.6875, 0.6875, 0.625, 0.375, 0.625, 0.6875, 0.4375, 0.5, 0.625, 0.625, 0.5625, 0.6875, 0.6875, 0.3125, 0.625, 0.6875, 0.6875, 0.6875, 0.6875, 0.625, 0.625, 0.625, 0.625)),
(0.875, 0.5, 0.375, 0.6875, 0.9375, 0.9375, 0.4375, 0.5, 0.9375, 0.0, 0.8125, 0.625, 0.9375, 0.9375, 0.4375, 0.3125, 0.625, 1.0, 0.9375, 1.0, 0.6875, 0.375, 0.6875, 0.9375, 0.4375, 0.5, 0.5, 0.8125, 0.625, 0.9375, 0.9375, 0.3125, 0.8125, 0.9375, 0.9375, 1.0, 0.9375, 0.75, 0.625, 0.75, 0.8125)),
(0.875, 0.4375, 0.375, 0.6875, 0.9375, 0.875, 0.4375, 0.5, 0.875, 0.0, 0.8125, 0.625, 1.0, 0.9375, 0.4375, 0.3125, 0.625, 0.9375, 1.0, 0.9375, 0.6875, 0.375, 0.6875, 0.9375, 0.4375, 0.5, 0.5, 0.8125, 0.625, 1.0, 0.9375, 0.3125, 0.8125, 0.9375, 1.0, 0.9375, 0.9375, 0.75, 0.625, 0.75, 0.8125)),
(0.875, 0.4375, 0.375, 0.6875, 0.9375, 0.875, 0.4375, 0.5, 0.875, 0.0, 0.8125, 0.625, 1.0, 0.9375, 0.4375, 0.3125, 0.625, 0.9375, 1.0, 0.9375, 0.6875, 0.375, 0.6875, 0.9375, 0.4375, 0.5, 0.5, 0.8125, 0.625, 1.0, 0.9375, 0.3125, 0.8125, 0.9375, 1.0, 0.9375, 0.9375, 0.75, 0.625, 0.75, 0.8125)),
(0.8125, 0.4375, 0.375, 0.6875, 0.9375, 0.875, 0.4375, 0.5, 0.875, 0.0, 0.8125, 0.625, 0.9375, 0.9375, 0.4375, 0.3125, 0.625, 0.9375, 0.9375, 0.9375, 0.6875, 0.375, 0.6875, 1.0, 0.4375, 0.5, 0.5, 0.8125, 0.625, 0.9375, 1.0, 0.3125, 0.8125, 0.9375, 0.9375, 0.9375, 0.9375, 0.8125, 0.625, 0.75, 0.8125)),
(0.3125, 0.5, 0.375, 0.3125, 0.3125, 0.3125, 0.5, 0.5, 0.3125, 0.5625, 0.3125, 0.4375, 0.3125, 0.3125, 0.6875, 0.3125, 0.4375, 0.3125, 0.3125, 0.3125, 0.375, 0.375, 0.4375, 0.3125, 0.5, 0.5, 0.6875, 0.3125, 0.4375, 0.3125, 0.3125, 1.0, 0.4375, 0.3125, 0.3125, 0.3125, 0.3125, 0.4375, 0.4375, 0.3125, 0.3125)),
(0.4375, 0.4375, 0.4375, 0.75, 0.5, 0.4375, 0.4375, 0.4375, 0.4375, 0.125, 0.4375, 0.4375, 0.4375, 0.5, 0.5625, 0.75, 0.5, 0.4375, 0.4375, 0.4375, 0.625, 0.4375, 0.4375, 0.4375, 0.4375, 0.4375, 0.4375, 0.4375, 0.4375, 0.4375, 0.4375, 0.3125, 0.4375, 0.4375, 0.4375, 0.4375, 0.4375, 0.4375, 0.5625, 0.5, 0.4375)),
(0.625, 0.4375, 0.5, 0.625, 0.625, 0.625, 0.5, 0.5, 0.625, 0.125, 0.625, 0.5625, 0.625, 0.625, 0.5625, 0.375, 1.0, 0.625, 0.625, 0.625, 0.625, 0.5, 0.6875, 0.625, 0.5, 0.5, 0.5, 0.625, 0.5625, 0.625, 0.625, 0.4375, 0.625, 0.6875, 0.625, 0.625, 0.6875, 0.6875, 0.75, 0.625, 0.625)),
(0.875, 0.5, 0.375, 0.6875, 0.9375, 0.9375, 0.4375, 0.5, 0.9375, 0.0, 0.8125, 0.625, 0.9375, 0.9375, 0.4375, 0.3125, 0.625, 1.0, 0.9375, 1.0, 0.6875, 0.375, 0.6875, 0.9375, 0.4375, 0.5, 0.5, 0.8125, 0.625, 0.9375, 0.9375, 0.3125, 0.8125, 0.9375, 0.9375, 1.0, 0.9375, 0.75, 0.625, 0.75, 0.8125)),
(0.4375, 0.9375, 0.4375, 0.5, 0.4375, 0.4375, 0.75, 0.6875, 0.4375, 0.3125, 0.4375, 0.5625, 0.4375, 0.4375, 0.5, 0.375, 0.4375, 0.4375, 0.4375, 0.4375, 0.5625, 0.4375, 0.5625, 0.4375, 0.75, 0.6875, 0.5, 0.4375, 0.5625, 0.4375, 0.4375, 0.5, 0.5, 0.4375, 0.4375, 0.4375, 0.4375, 0.4375, 0.4375, 0.5, 0.5)),
(0.4375, 0.4375, 0.625, 0.5625, 0.4375, 0.4375, 0.5, 0.4375, 0.4375, 0.125, 0.4375, 0.5, 0.4375, 0.4375, 0.4375, 0.5, 0.5, 0.4375, 0.4375, 0.4375, 0.625, 0.625, 0.5625, 0.4375, 0.5, 0.4375, 0.4375, 0.4375, 0.5, 0.4375, 0.4375, 0.375, 0.5, 0.4375, 0.4375, 0.4375, 0.4375, 0.5, 0.5625, 0.5625, 0.5)),
(0.6875, 0.5, 0.5625, 0.6875, 0.6875, 0.6875, 0.5625, 0.5625, 0.6875, 0.1875, 0.75, 0.6875, 0.6875, 0.6875, 0.5625, 0.3125, 0.6875, 0.6875, 0.6875, 0.6875, 0.75, 0.5625, 1.0, 0.6875, 0.5625, 0.5625, 0.5625, 0.75, 0.6875, 0.6875, 0.6875, 0.4375, 0.6875, 0.6875, 0.6875, 0.6875, 0.6875, 0.6875, 0.6875, 0.75, 0.75)]

Jaro-Matrix: 
[(0.0, 0.0, 0.0, 0.0, 0.7777777777777777, 0.7222222222222221, 0.0, 0.0, 0.7222222222222221, 0.0, 0.0, 0.4920634920634921, 0.7777777777777777, 0.7777777777777777, 0.0, 0.0, 0.0, 0.7777777777777777, 0.7777777777777777, 0.7777777777777777, 0.0, 0.0, 0.0, 1.0, 0.0, 0.0, 0.0, 0.0, 0.4920634920634921, 0.7777777777777777, 1.0, 0.0, 0.0, 0.7777777777777777, 0.7777777777777777, 0.7777777777777777, 0.7777777777777777, 0.5277777777777777, 0.0, 0.0, 0.0)),
(0.0, 0.4537037037037037, 0.6833333333333332, 0.0, 0.0, 0.0, 0.0, 0.4583333333333333, 0.0, 0.375, 0.0, 0.0, 0.0, 0.0, 0.4537037037037037, 0.5606060606060606, 0.47222222222222215, 0.0, 0.0, 0.0, 0.4833333333333333, 0.6833333333333332, 0.4833333333333333, 0.0, 0.0, 0.4583333333333333, 0.5833333333333333, 0.0, 0.0, 0.0, 0.0, 0.4469696969696969, 0.5277777777777777, 0.0, 0.0, 0.0, 0.0, 0.5, 0.47222222222222215, 0.0, 0.0)),
(0.45555555555555555, 0.0, 0.42222222222222217, 0.0, 0.6666666666666666, 0.47222222222222215, 0.0, 0.0, 0.47222222222222215, 0.48611111111111105, 0.0, 0.0, 0.5, 0.6666666666666666, 0.4259259259259259, 0.41919191919191917, 0.0, 0.5, 0.5, 0.5, 0.0, 0.42222222222222217, 0.0, 0.5, 0.0, 0.0, 0.5277777777777777, 0.0, 0.0, 0.5, 0.5, 0.0, 0.0, 0.5, 0.5, 0.5, 0.5, 0.0, 0.0, 0.0, 0.0)),
(0.0, 0.48148148148148145, 0.0, 0.0, 0.7777777777777777, 0.9166666666666666, 0.0, 0.0, 0.9166666666666666, 0.0, 0.0, 0.4920634920634921, 0.7777777777777777, 0.7777777777777777, 0.0, 0.0, 0.0, 1.0, 0.7777777777777777, 1.0, 0.0, 0.0, 0.0, 0.7777777777777777, 0.0, 0.0, 0.0, 0.0, 0.4920634920634921, 0.7777777777777777, 0.7777777777777777, 0.0, 0.0, 0.7777777777777777, 0.7777777777777777, 1.0, 0.7777777777777777, 0.0, 0.0, 0.0, 0.0)),
(0.5111111111111111, 0.0, 0.0, 0.0, 0.7777777777777777, 0.7222222222222221, 0.0, 0.0, 0.7222222222222221, 0.0, 0.0, 0.4920634920634921, 1.0, 0.7777777777777777, 0.0, 0.0, 0.0, 0.7777777777777777, 1.0, 0.7777777777777777, 0.0, 0.0, 0.0, 0.7777777777777777, 0.0, 0.0, 0.0, 0.0, 0.4920634920634921, 1.0, 0.7777777777777777, 0.0, 0.0, 0.7777777777777777, 1.0, 0.7777777777777777, 0.7777777777777777, 0.0, 0.0, 0.0, 0.0)),
(0.5111111111111111, 0.0, 0.0, 0.0, 0.7777777777777777, 0.7222222222222221, 0.0, 0.0, 0.7222222222222221, 0.0, 0.0, 0.4920634920634921, 1.0, 0.7777777777777777, 0.0, 0.0, 0.0, 0.7777777777777777, 1.0, 0.7777777777777777, 0.0, 0.0, 0.0, 0.7777777777777777, 0.0, 0.0, 0.0, 0.0, 0.4920634920634921, 1.0, 0.7777777777777777, 0.0, 0.0, 0.7777777777777777, 1.0, 0.7777777777777777, 0.7777777777777777, 0.0, 0.0, 0.0, 0.0)),
(0.0, 0.0, 0.0, 0.0, 0.7777777777777777, 0.7222222222222221, 0.0, 0.0, 0.7222222222222221, 0.0, 0.0, 0.4920634920634921, 0.7777777777777777, 0.7777777777777777, 0.0, 0.0, 0.0, 0.7777777777777777, 0.7777777777777777, 0.7777777777777777, 0.0, 0.0, 0.0, 1.0, 0.0, 0.0, 0.0, 0.0, 0.4920634920634921, 0.7777777777777777, 1.0, 0.0, 0.0, 0.7777777777777777, 0.7777777777777777, 0.7777777777777777, 0.7777777777777777, 0.5277777777777777, 0.0, 0.0, 0.0)),
(0.0, 0.5353535353535352, 0.41313131313131307, 0.4303030303030303, 0.0, 0.0, 0.6026936026936026, 0.43813131313131315, 0.0, 0.8113636363636363, 0.0, 0.48917748917748916, 0.0, 0.0, 0.7373737373737372, 0.404040404040404, 0.4797979797979798, 0.0, 0.0, 0.0, 0.4303030303030303, 0.41313131313131307, 0.5272727272727272, 0.0, 0.6026936026936026, 0.43813131313131315, 0.5984848484848484, 0.0, 0.48917748917748916, 0.0, 0.0, 1.0, 0.0, 0.0, 0.0, 0.0, 0.0, 0.3939393939393939, 0.505050505050505, 0.0, 0.0)),
(0.0, 0.40740740740740744, 0.4740740740740741, 0.8518518518518517, 0.0, 0.0, 0.48148148148148145, 0.32407407407407407, 0.0, 0.3958333333333333, 0.0, 0.33597883597883593, 0.0, 0.0, 0.5555555555555555, 0.8047138047138047, 0.4259259259259259, 0.0, 0.0, 0.0, 0.6444444444444444, 0.4740740740740741, 0.0, 0.0, 0.48148148148148145, 0.32407407407407407, 0.0, 0.0, 0.33597883597883593, 0.0, 0.0, 0.4006734006734006, 0.0, 0.0, 0.0, 0.0, 0.0, 0.0, 0.5185185185185185, 0.4537037037037037, 0.0)),
(0.0, 0.0, 0.48888888888888893, 0.0, 0.0, 0.0, 0.5185185185185185, 0.43055555555555547, 0.0, 0.45138888888888884, 0.0, 0.0, 0.0, 0.0, 0.5, 0.0, 1.0, 0.0, 0.0, 0.0, 0.45555555555555555, 0.48888888888888893, 0.5777777777777777, 0.0, 0.5185185185185185, 0.43055555555555547, 0.43055555555555547, 0.0, 0.0, 0.0, 0.0, 0.4797979797979798, 0.0, 0.5, 0.0, 0.0, 0.5, 0.4444444444444444, 0.5555555555555555, 0.0, 0.0)),
(0.0, 0.48148148148148145, 0.0, 0.0, 0.7777777777777777, 0.9166666666666666, 0.0, 0.0, 0.9166666666666666, 0.0, 0.0, 0.4920634920634921, 0.7777777777777777, 0.7777777777777777, 0.0, 0.0, 0.0, 1.0, 0.7777777777777777, 1.0, 0.0, 0.0, 0.0, 0.7777777777777777, 0.0, 0.0, 0.0, 0.0, 0.4920634920634921, 0.7777777777777777, 0.7777777777777777, 0.0, 0.0, 0.7777777777777777, 0.7777777777777777, 1.0, 0.7777777777777777, 0.0, 0.0, 0.0, 0.0)),
(0.0, 0.9259259259259258, 0.5444444444444444, 0.437037037037037, 0.0, 0.0, 0.6370370370370371, 0.7268518518518517, 0.0, 0.4893518518518518, 0.0, 0.5873015873015872, 0.0, 0.0, 0.40740740740740744, 0.468013468013468, 0.0, 0.0, 0.0, 0.0, 0.437037037037037, 0.5444444444444444, 0.5407407407407407, 0.0, 0.6370370370370371, 0.7268518518518517, 0.5694444444444444, 0.0, 0.5873015873015872, 0.0, 0.0, 0.5353535353535352, 0.0, 0.0, 0.0, 0.0, 0.0, 0.0, 0.0, 0.4537037037037037, 0.6666666666666666)),
(0.0, 0.40740740740740744, 0.7, 0.5407407407407407, 0.0, 0.0, 0.4444444444444444, 0.41203703703703703, 0.0, 0.3958333333333333, 0.0, 0.41798941798941797, 0.0, 0.0, 0.48148148148148145, 0.6026936026936026, 0.4259259259259259, 0.0, 0.0, 0.0, 0.6444444444444444, 0.7, 0.5407407407407407, 0.0, 0.4444444444444444, 0.41203703703703703, 0.41203703703703703, 0.0, 0.41798941798941797, 0.0, 0.0, 0.4006734006734006, 0.48148148148148145, 0.0, 0.0, 0.0, 0.0, 0.4537037037037037, 0.611111111111111, 0.40740740740740744, 0.48148148148148145)),
(0.0, 0.437037037037037, 0.6333333333333333, 0.0, 0.0, 0.0, 0.37407407407407406, 0.44166666666666665, 0.0, 0.48472222222222217, 0.0, 0.5619047619047619, 0.0, 0.0, 0.5407407407407407, 0.0, 0.5777777777777777, 0.0, 0.0, 0.0, 0.6, 0.6333333333333333, 1.0, 0.0, 0.37407407407407406, 0.44166666666666665, 0.44166666666666665, 0.0, 0.5619047619047619, 0.0, 0.0, 0.5272727272727272, 0.0, 0.0, 0.0, 0.0, 0.0, 0.0, 0.5777777777777777, 0.4833333333333333, 0.5111111111111111)]

Jaccard-Matrix: 
[(0.6666666666666666, 1.0, 1.0, 1.0, 0.5, 0.5, 1.0, 1.0, 0.5, 1.0, 1.0, 0.875, 0.5, 0.5, 1.0, 1.0, 1.0, 0.5, 0.5, 0.5, 1.0, 1.0, 1.0, 0.0, 1.0, 1.0, 1.0, 1.0, 0.875, 0.5, 0.0, 1.0, 1.0, 0.5, 0.5, 0.5, 0.5, 0.8333333333333334, 1.0, 1.0, 1.0)),
(1.0, 0.625, 0.7, 0.8571428571428571, 1.0, 1.0, 0.7, 0.625, 1.0, 0.75, 1.0, 0.75, 1.0, 1.0, 0.875, 0.6666666666666666, 0.875, 1.0, 1.0, 1.0, 0.8571428571428571, 0.7, 0.875, 1.0, 0.7, 0.625, 0.7777777777777778, 1.0, 0.75, 1.0, 1.0, 0.8, 0.8333333333333334, 1.0, 1.0, 1.0, 1.0, 0.8571428571428571, 0.8571428571428571, 1.0, 1.0)),
(0.8888888888888888, 1.0, 0.9230769230769231, 0.875, 0.6666666666666666, 0.8571428571428571, 1.0, 1.0, 0.8571428571428571, 0.9333333333333333, 1.0, 1.0, 0.8571428571428571, 0.6666666666666666, 0.75, 0.8181818181818182, 1.0, 0.8571428571428571, 0.8571428571428571, 0.8571428571428571, 1.0, 0.9230769230769231, 1.0, 0.8571428571428571, 1.0, 1.0, 0.9090909090909091, 1.0, 1.0, 0.8571428571428571, 0.8571428571428571, 0.9166666666666666, 1.0, 0.8571428571428571, 0.8571428571428571, 0.8571428571428571, 0.8571428571428571, 1.0, 1.0, 1.0, 1.0)),
(0.4, 0.8888888888888888, 1.0, 1.0, 0.5, 0.0, 1.0, 1.0, 0.0, 1.0, 1.0, 0.875, 0.5, 0.5, 1.0, 1.0, 1.0, 0.0, 0.5, 0.0, 1.0, 1.0, 1.0, 0.5, 1.0, 1.0, 1.0, 1.0, 0.875, 0.5, 0.5, 1.0, 1.0, 0.5, 0.5, 0.0, 0.5, 1.0, 1.0, 1.0, 1.0)),
(0.4, 1.0, 1.0, 1.0, 0.5, 0.5, 1.0, 1.0, 0.5, 1.0, 1.0, 0.875, 0.0, 0.5, 1.0, 1.0, 1.0, 0.5, 0.0, 0.5, 1.0, 1.0, 1.0, 0.5, 1.0, 1.0, 1.0, 1.0, 0.875, 0.0, 0.5, 1.0, 1.0, 0.5, 0.0, 0.5, 0.5, 1.0, 1.0, 1.0, 1.0)),
(0.4, 1.0, 1.0, 1.0, 0.5, 0.5, 1.0, 1.0, 0.5, 1.0, 1.0, 0.875, 0.0, 0.5, 1.0, 1.0, 1.0, 0.5, 0.0, 0.5, 1.0, 1.0, 1.0, 0.5, 1.0, 1.0, 1.0, 1.0, 0.875, 0.0, 0.5, 1.0, 1.0, 0.5, 0.0, 0.5, 0.5, 1.0, 1.0, 1.0, 1.0)),
(0.6666666666666666, 1.0, 1.0, 1.0, 0.5, 0.5, 1.0, 1.0, 0.5, 1.0, 1.0, 0.875, 0.5, 0.5, 1.0, 1.0, 1.0, 0.5, 0.5, 0.5, 1.0, 1.0, 1.0, 0.0, 1.0, 1.0, 1.0, 1.0, 0.875, 0.5, 0.0, 1.0, 1.0, 0.5, 0.5, 0.5, 0.5, 0.8333333333333334, 1.0, 1.0, 1.0)),
(1.0, 0.75, 0.6923076923076923, 0.9090909090909091, 1.0, 1.0, 0.6923076923076923, 0.75, 1.0, 0.4166666666666667, 1.0, 0.9230769230769231, 1.0, 1.0, 0.5555555555555556, 0.7692307692307693, 0.7, 1.0, 1.0, 1.0, 0.9090909090909091, 0.6923076923076923, 0.8181818181818182, 1.0, 0.6923076923076923, 0.75, 0.3333333333333333, 1.0, 0.9230769230769231, 1.0, 1.0, 0.0, 0.7777777777777778, 1.0, 1.0, 1.0, 1.0, 0.8, 0.8, 1.0, 1.0)),
(1.0, 0.9166666666666666, 0.8461538461538461, 0.3333333333333333, 0.875, 1.0, 0.75, 0.7, 1.0, 0.7857142857142857, 1.0, 0.8, 1.0, 0.875, 0.7777777777777778, 0.6, 0.9, 1.0, 1.0, 1.0, 0.75, 0.8461538461538461, 1.0, 1.0, 0.75, 0.7, 0.9166666666666666, 1.0, 0.8, 1.0, 1.0, 0.9230769230769231, 1.0, 1.0, 1.0, 1.0, 1.0, 0.8888888888888888, 0.75, 0.8888888888888888, 1.0)),
(1.0, 0.9090909090909091, 0.7272727272727273, 1.0, 1.0, 1.0, 0.7272727272727273, 0.8, 1.0, 0.7692307692307693, 1.0, 0.9, 1.0, 1.0, 0.5714285714285714, 0.9166666666666666, 0.0, 1.0, 1.0, 1.0, 0.875, 0.7272727272727273, 0.75, 1.0, 0.7272727272727273, 0.8, 0.8, 1.0, 0.9, 1.0, 1.0, 0.7, 1.0, 0.8571428571428571, 1.0, 1.0, 0.8571428571428571, 0.5, 0.5, 1.0, 1.0)),
(0.4, 0.8888888888888888, 1.0, 1.0, 0.5, 0.0, 1.0, 1.0, 0.0, 1.0, 1.0, 0.875, 0.5, 0.5, 1.0, 1.0, 1.0, 0.0, 0.5, 0.0, 1.0, 1.0, 1.0, 0.5, 1.0, 1.0, 1.0, 1.0, 0.875, 0.5, 0.5, 1.0, 1.0, 0.5, 0.5, 0.0, 0.5, 1.0, 1.0, 1.0, 1.0)),
(1.0, 0.25, 0.7692307692307693, 0.9, 1.0, 1.0, 0.5454545454545454, 0.6, 1.0, 0.6153846153846154, 1.0, 0.7, 1.0, 1.0, 0.9090909090909091, 0.8461538461538461, 0.9090909090909091, 1.0, 1.0, 1.0, 0.7777777777777778, 0.7692307692307693, 0.6666666666666666, 1.0, 0.5454545454545454, 0.6, 0.7272727272727273, 1.0, 0.7, 1.0, 1.0, 0.75, 0.8888888888888888, 1.0, 1.0, 1.0, 1.0, 0.9, 0.9, 0.9, 0.5714285714285714)),
(1.0, 0.9166666666666666, 0.5, 0.75, 1.0, 1.0, 0.75, 0.9166666666666666, 1.0, 0.6923076923076923, 1.0, 0.9090909090909091, 1.0, 1.0, 0.7777777777777778, 0.6, 0.9, 1.0, 1.0, 1.0, 0.75, 0.5, 0.7777777777777778, 1.0, 0.75, 0.9166666666666666, 0.8181818181818182, 1.0, 0.9090909090909091, 1.0, 1.0, 0.7272727272727273, 0.875, 1.0, 1.0, 1.0, 1.0, 0.8888888888888888, 0.75, 0.75, 0.875)),
(1.0, 0.8, 0.7272727272727273, 1.0, 1.0, 1.0, 0.7272727272727273, 0.9090909090909091, 1.0, 0.7692307692307693, 0.8333333333333334, 0.7777777777777778, 1.0, 1.0, 0.75, 1.0, 0.75, 1.0, 1.0, 1.0, 0.7142857142857143, 0.7272727272727273, 0.0, 1.0, 0.7272727272727273, 0.9090909090909091, 0.8, 0.8333333333333334, 0.7777777777777778, 1.0, 1.0, 0.8181818181818182, 1.0, 1.0, 1.0, 1.0, 1.0, 0.7142857142857143, 0.7142857142857143, 0.7142857142857143, 0.6666666666666666)]

Minimum-Combined-Matrix: 
[(0.0, 0.0, 0.0, 0.0, 0.5, 0.5, 0.0, 0.0, 0.5, 0.0, 0.0, 0.4920634920634921, 0.5, 0.5, 0.0, 0.0, 0.0, 0.5, 0.5, 0.5, 0.0, 0.0, 0.0, 0.0, 0.0, 0.0, 0.0, 0.0, 0.4920634920634921, 0.5, 0.0, 0.0, 0.0, 0.5, 0.5, 0.5, 0.5, 0.5277777777777777, 0.0, 0.0, 0.0)),
(0.0, 0.4537037037037037, 0.5625, 0.0, 0.0, 0.0, 0.0, 0.4583333333333333, 0.0, 0.1875, 0.0, 0.0, 0.0, 0.0, 0.4537037037037037, 0.4375, 0.47222222222222215, 0.0, 0.0, 0.0, 0.4833333333333333, 0.5625, 0.4833333333333333, 0.0, 0.0, 0.4583333333333333, 0.5833333333333333, 0.0, 0.0, 0.0, 0.0, 0.4375, 0.5277777777777777, 0.0, 0.0, 0.0, 0.0, 0.5, 0.47222222222222215, 0.0, 0.0)),
(0.45555555555555555, 0.0, 0.375, 0.0, 0.6666666666666666, 0.47222222222222215, 0.0, 0.0, 0.47222222222222215, 0.125, 0.0, 0.0, 0.5, 0.6666666666666666, 0.4259259259259259, 0.375, 0.0, 0.5, 0.5, 0.5, 0.0, 0.375, 0.0, 0.5, 0.0, 0.0, 0.5277777777777777, 0.0, 0.0, 0.5, 0.5, 0.0, 0.0, 0.5, 0.5, 0.5, 0.5, 0.0, 0.0, 0.0, 0.0)),
(0.0, 0.48148148148148145, 0.0, 0.0, 0.5, 0.0, 0.0, 0.0, 0.0, 0.0, 0.0, 0.4920634920634921, 0.5, 0.5, 0.0, 0.0, 0.0, 0.0, 0.5, 0.0, 0.0, 0.0, 0.0, 0.5, 0.0, 0.0, 0.0, 0.0, 0.4920634920634921, 0.5, 0.5, 0.0, 0.0, 0.5, 0.5, 0.0, 0.5, 0.0, 0.0, 0.0, 0.0)),
(0.4, 0.0, 0.0, 0.0, 0.5, 0.5, 0.0, 0.0, 0.5, 0.0, 0.0, 0.4920634920634921, 0.0, 0.5, 0.0, 0.0, 0.0, 0.5, 0.0, 0.5, 0.0, 0.0, 0.0, 0.5, 0.0, 0.0, 0.0, 0.0, 0.4920634920634921, 0.0, 0.5, 0.0, 0.0, 0.5, 0.0, 0.5, 0.5, 0.0, 0.0, 0.0, 0.0)),
(0.4, 0.0, 0.0, 0.0, 0.5, 0.5, 0.0, 0.0, 0.5, 0.0, 0.0, 0.4920634920634921, 0.0, 0.5, 0.0, 0.0, 0.0, 0.5, 0.0, 0.5, 0.0, 0.0, 0.0, 0.5, 0.0, 0.0, 0.0, 0.0, 0.4920634920634921, 0.0, 0.5, 0.0, 0.0, 0.5, 0.0, 0.5, 0.5, 0.0, 0.0, 0.0, 0.0)),
(0.0, 0.0, 0.0, 0.0, 0.5, 0.5, 0.0, 0.0, 0.5, 0.0, 0.0, 0.4920634920634921, 0.5, 0.5, 0.0, 0.0, 0.0, 0.5, 0.5, 0.5, 0.0, 0.0, 0.0, 0.0, 0.0, 0.0, 0.0, 0.0, 0.4920634920634921, 0.5, 0.0, 0.0, 0.0, 0.5, 0.5, 0.5, 0.5, 0.5277777777777777, 0.0, 0.0, 0.0)),
(0.0, 0.5, 0.375, 0.3125, 0.0, 0.0, 0.5, 0.43813131313131315, 0.0, 0.4166666666666667, 0.0, 0.4375, 0.0, 0.0, 0.5555555555555556, 0.3125, 0.4375, 0.0, 0.0, 0.0, 0.375, 0.375, 0.4375, 0.0, 0.5, 0.43813131313131315, 0.3333333333333333, 0.0, 0.4375, 0.0, 0.0, 0.0, 0.0, 0.0, 0.0, 0.0, 0.0, 0.3939393939393939, 0.4375, 0.0, 0.0)),
(0.0, 0.40740740740740744, 0.4375, 0.3333333333333333, 0.0, 0.0, 0.4375, 0.32407407407407407, 0.0, 0.125, 0.0, 0.33597883597883593, 0.0, 0.0, 0.5555555555555555, 0.6, 0.4259259259259259, 0.0, 0.0, 0.0, 0.625, 0.4375, 0.0, 0.0, 0.4375, 0.32407407407407407, 0.0, 0.0, 0.33597883597883593, 0.0, 0.0, 0.3125, 0.0, 0.0, 0.0, 0.0, 0.0, 0.0, 0.5185185185185185, 0.4537037037037037, 0.0)),
(0.0, 0.0, 0.48888888888888893, 0.0, 0.0, 0.0, 0.5, 0.43055555555555547, 0.0, 0.125, 0.0, 0.0, 0.0, 0.0, 0.5, 0.0, 0.0, 0.0, 0.0, 0.0, 0.45555555555555555, 0.48888888888888893, 0.5777777777777777, 0.0, 0.5, 0.43055555555555547, 0.43055555555555547, 0.0, 0.0, 0.0, 0.0, 0.4375, 0.0, 0.5, 0.0, 0.0, 0.5, 0.4444444444444444, 0.5, 0.0, 0.0)),
(0.0, 0.48148148148148145, 0.0, 0.0, 0.5, 0.0, 0.0, 0.0, 0.0, 0.0, 0.0, 0.4920634920634921, 0.5, 0.5, 0.0, 0.0, 0.0, 0.0, 0.5, 0.0, 0.0, 0.0, 0.0, 0.5, 0.0, 0.0, 0.0, 0.0, 0.4920634920634921, 0.5, 0.5, 0.0, 0.0, 0.5, 0.5, 0.0, 0.5, 0.0, 0.0, 0.0, 0.0)),
(0.0, 0.25, 0.4375, 0.437037037037037, 0.0, 0.0, 0.5454545454545454, 0.6, 0.0, 0.3125, 0.0, 0.5625, 0.0, 0.0, 0.40740740740740744, 0.375, 0.0, 0.0, 0.0, 0.0, 0.437037037037037, 0.4375, 0.5407407407407407, 0.0, 0.5454545454545454, 0.6, 0.5, 0.0, 0.5625, 0.0, 0.0, 0.5, 0.0, 0.0, 0.0, 0.0, 0.0, 0.0, 0.0, 0.4537037037037037, 0.5)),
(0.0, 0.40740740740740744, 0.5, 0.5407407407407407, 0.0, 0.0, 0.4444444444444444, 0.41203703703703703, 0.0, 0.125, 0.0, 0.41798941798941797, 0.0, 0.0, 0.4375, 0.5, 0.4259259259259259, 0.0, 0.0, 0.0, 0.625, 0.5, 0.5407407407407407, 0.0, 0.4444444444444444, 0.41203703703703703, 0.41203703703703703, 0.0, 0.41798941798941797, 0.0, 0.0, 0.375, 0.48148148148148145, 0.0, 0.0, 0.0, 0.0, 0.4537037037037037, 0.5625, 0.40740740740740744, 0.48148148148148145)),
(0.0, 0.437037037037037, 0.5625, 0.0, 0.0, 0.0, 0.37407407407407406, 0.44166666666666665, 0.0, 0.1875, 0.0, 0.5619047619047619, 0.0, 0.0, 0.5407407407407407, 0.0, 0.5777777777777777, 0.0, 0.0, 0.0, 0.6, 0.5625, 0.0, 0.0, 0.37407407407407406, 0.44166666666666665, 0.44166666666666665, 0.0, 0.5619047619047619, 0.0, 0.0, 0.4375, 0.0, 0.0, 0.0, 0.0, 0.0, 0.0, 0.5777777777777777, 0.4833333333333333, 0.5111111111111111)]

Maximum-Combined-Matrix: 
[(0.8125, 1.0, 1.0, 1.0, 0.9375, 0.875, 1.0, 1.0, 0.875, 1.0, 1.0, 0.875, 0.9375, 0.9375, 1.0, 1.0, 1.0, 0.9375, 0.9375, 0.9375, 1.0, 1.0, 1.0, 1.0, 1.0, 1.0, 1.0, 1.0, 0.875, 0.9375, 1.0, 1.0, 1.0, 0.9375, 0.9375, 0.9375, 0.9375, 0.8333333333333334, 1.0, 1.0, 1.0)),
(1.0, 0.625, 0.7, 0.8571428571428571, 1.0, 1.0, 0.7, 0.6875, 1.0, 0.75, 1.0, 0.75, 1.0, 1.0, 0.875, 0.6666666666666666, 0.875, 1.0, 1.0, 1.0, 0.8571428571428571, 0.7, 0.875, 1.0, 0.7, 0.6875, 0.7777777777777778, 1.0, 0.75, 1.0, 1.0, 0.8, 0.8333333333333334, 1.0, 1.0, 1.0, 1.0, 0.8571428571428571, 0.8571428571428571, 1.0, 1.0)),
(0.8888888888888888, 1.0, 0.9230769230769231, 0.875, 0.75, 0.8571428571428571, 1.0, 1.0, 0.8571428571428571, 0.9333333333333333, 1.0, 1.0, 0.8571428571428571, 0.75, 0.75, 0.8181818181818182, 1.0, 0.8571428571428571, 0.8571428571428571, 0.8571428571428571, 1.0, 0.9230769230769231, 1.0, 0.8571428571428571, 1.0, 1.0, 0.9090909090909091, 1.0, 1.0, 0.8571428571428571, 0.8571428571428571, 0.9166666666666666, 1.0, 0.8571428571428571, 0.8571428571428571, 0.8571428571428571, 0.8571428571428571, 1.0, 1.0, 1.0, 1.0)),
(0.875, 0.8888888888888888, 1.0, 1.0, 0.9375, 0.9375, 1.0, 1.0, 0.9375, 1.0, 1.0, 0.875, 0.9375, 0.9375, 1.0, 1.0, 1.0, 1.0, 0.9375, 1.0, 1.0, 1.0, 1.0, 0.9375, 1.0, 1.0, 1.0, 1.0, 0.875, 0.9375, 0.9375, 1.0, 1.0, 0.9375, 0.9375, 1.0, 0.9375, 1.0, 1.0, 1.0, 1.0)),
(0.875, 1.0, 1.0, 1.0, 0.9375, 0.875, 1.0, 1.0, 0.875, 1.0, 1.0, 0.875, 1.0, 0.9375, 1.0, 1.0, 1.0, 0.9375, 1.0, 0.9375, 1.0, 1.0, 1.0, 0.9375, 1.0, 1.0, 1.0, 1.0, 0.875, 1.0, 0.9375, 1.0, 1.0, 0.9375, 1.0, 0.9375, 0.9375, 1.0, 1.0, 1.0, 1.0)),
(0.875, 1.0, 1.0, 1.0, 0.9375, 0.875, 1.0, 1.0, 0.875, 1.0, 1.0, 0.875, 1.0, 0.9375, 1.0, 1.0, 1.0, 0.9375, 1.0, 0.9375, 1.0, 1.0, 1.0, 0.9375, 1.0, 1.0, 1.0, 1.0, 0.875, 1.0, 0.9375, 1.0, 1.0, 0.9375, 1.0, 0.9375, 0.9375, 1.0, 1.0, 1.0, 1.0)),
(0.8125, 1.0, 1.0, 1.0, 0.9375, 0.875, 1.0, 1.0, 0.875, 1.0, 1.0, 0.875, 0.9375, 0.9375, 1.0, 1.0, 1.0, 0.9375, 0.9375, 0.9375, 1.0, 1.0, 1.0, 1.0, 1.0, 1.0, 1.0, 1.0, 0.875, 0.9375, 1.0, 1.0, 1.0, 0.9375, 0.9375, 0.9375, 0.9375, 0.8333333333333334, 1.0, 1.0, 1.0)),
(1.0, 0.75, 0.6923076923076923, 0.9090909090909091, 1.0, 1.0, 0.6923076923076923, 0.75, 1.0, 0.8113636363636363, 1.0, 0.9230769230769231, 1.0, 1.0, 0.7373737373737372, 0.7692307692307693, 0.7, 1.0, 1.0, 1.0, 0.9090909090909091, 0.6923076923076923, 0.8181818181818182, 1.0, 0.6923076923076923, 0.75, 0.6875, 1.0, 0.9230769230769231, 1.0, 1.0, 1.0, 0.7777777777777778, 1.0, 1.0, 1.0, 1.0, 0.8, 0.8, 1.0, 1.0)),
(1.0, 0.9166666666666666, 0.8461538461538461, 0.8518518518518517, 0.875, 1.0, 0.75, 0.7, 1.0, 0.7857142857142857, 1.0, 0.8, 1.0, 0.875, 0.7777777777777778, 0.8047138047138047, 0.9, 1.0, 1.0, 1.0, 0.75, 0.8461538461538461, 1.0, 1.0, 0.75, 0.7, 0.9166666666666666, 1.0, 0.8, 1.0, 1.0, 0.9230769230769231, 1.0, 1.0, 1.0, 1.0, 1.0, 0.8888888888888888, 0.75, 0.8888888888888888, 1.0)),
(1.0, 0.9090909090909091, 0.7272727272727273, 1.0, 1.0, 1.0, 0.7272727272727273, 0.8, 1.0, 0.7692307692307693, 1.0, 0.9, 1.0, 1.0, 0.5714285714285714, 0.9166666666666666, 1.0, 1.0, 1.0, 1.0, 0.875, 0.7272727272727273, 0.75, 1.0, 0.7272727272727273, 0.8, 0.8, 1.0, 0.9, 1.0, 1.0, 0.7, 1.0, 0.8571428571428571, 1.0, 1.0, 0.8571428571428571, 0.6875, 0.75, 1.0, 1.0)),
(0.875, 0.8888888888888888, 1.0, 1.0, 0.9375, 0.9375, 1.0, 1.0, 0.9375, 1.0, 1.0, 0.875, 0.9375, 0.9375, 1.0, 1.0, 1.0, 1.0, 0.9375, 1.0, 1.0, 1.0, 1.0, 0.9375, 1.0, 1.0, 1.0, 1.0, 0.875, 0.9375, 0.9375, 1.0, 1.0, 0.9375, 0.9375, 1.0, 0.9375, 1.0, 1.0, 1.0, 1.0)),
(1.0, 0.9375, 0.7692307692307693, 0.9, 1.0, 1.0, 0.75, 0.7268518518518517, 1.0, 0.6153846153846154, 1.0, 0.7, 1.0, 1.0, 0.9090909090909091, 0.8461538461538461, 0.9090909090909091, 1.0, 1.0, 1.0, 0.7777777777777778, 0.7692307692307693, 0.6666666666666666, 1.0, 0.75, 0.7268518518518517, 0.7272727272727273, 1.0, 0.7, 1.0, 1.0, 0.75, 0.8888888888888888, 1.0, 1.0, 1.0, 1.0, 0.9, 0.9, 0.9, 0.6666666666666666)),
(1.0, 0.9166666666666666, 0.7, 0.75, 1.0, 1.0, 0.75, 0.9166666666666666, 1.0, 0.6923076923076923, 1.0, 0.9090909090909091, 1.0, 1.0, 0.7777777777777778, 0.6026936026936026, 0.9, 1.0, 1.0, 1.0, 0.75, 0.7, 0.7777777777777778, 1.0, 0.75, 0.9166666666666666, 0.8181818181818182, 1.0, 0.9090909090909091, 1.0, 1.0, 0.7272727272727273, 0.875, 1.0, 1.0, 1.0, 1.0, 0.8888888888888888, 0.75, 0.75, 0.875)),
(1.0, 0.8, 0.7272727272727273, 1.0, 1.0, 1.0, 0.7272727272727273, 0.9090909090909091, 1.0, 0.7692307692307693, 0.8333333333333334, 0.7777777777777778, 1.0, 1.0, 0.75, 1.0, 0.75, 1.0, 1.0, 1.0, 0.75, 0.7272727272727273, 1.0, 1.0, 0.7272727272727273, 0.9090909090909091, 0.8, 0.8333333333333334, 0.7777777777777778, 1.0, 1.0, 0.8181818181818182, 1.0, 1.0, 1.0, 1.0, 1.0, 0.7142857142857143, 0.7142857142857143, 0.75, 0.75)]

Average-Combined-Matrix: 
[(0.4930555555555555, 0.4791666666666667, 0.4583333333333333, 0.5625, 0.7384259259259259, 0.6990740740740741, 0.4791666666666667, 0.5, 0.6990740740740741, 0.3333333333333333, 0.6041666666666666, 0.6640211640211641, 0.7384259259259259, 0.7384259259259259, 0.4791666666666667, 0.4375, 0.5416666666666666, 0.7384259259259259, 0.7384259259259259, 0.7384259259259259, 0.5625, 0.4583333333333333, 0.5625, 0.6666666666666666, 0.4791666666666667, 0.5, 0.5, 0.6041666666666666, 0.6640211640211641, 0.7384259259259259, 0.6666666666666666, 0.4375, 0.6041666666666666, 0.7384259259259259, 0.7384259259259259, 0.7384259259259259, 0.7384259259259259, 0.7245370370370371, 0.5416666666666666, 0.5833333333333334, 0.6041666666666666)),
(0.5625, 0.5679012345679012, 0.648611111111111, 0.5148809523809524, 0.5833333333333334, 0.5833333333333334, 0.44166666666666665, 0.5902777777777778, 0.5833333333333334, 0.4375, 0.5833333333333334, 0.4791666666666667, 0.5833333333333334, 0.5833333333333334, 0.6095679012345679, 0.5549242424242423, 0.6782407407407408, 0.5833333333333334, 0.5833333333333334, 0.5833333333333334, 0.6968253968253969, 0.648611111111111, 0.7027777777777778, 0.5833333333333334, 0.44166666666666665, 0.5902777777777778, 0.6620370370370371, 0.5833333333333334, 0.4791666666666667, 0.5833333333333334, 0.5833333333333334, 0.561489898989899, 0.7245370370370371, 0.5833333333333334, 0.5833333333333334, 0.5833333333333334, 0.5833333333333334, 0.7023809523809524, 0.6722883597883597, 0.5833333333333334, 0.5833333333333334)),
(0.6564814814814814, 0.4791666666666667, 0.5734330484330484, 0.5, 0.6944444444444443, 0.6722883597883597, 0.4791666666666667, 0.5, 0.6722883597883597, 0.5148148148148147, 0.5416666666666666, 0.5208333333333334, 0.6815476190476191, 0.6944444444444443, 0.5586419753086419, 0.5374579124579125, 0.5416666666666666, 0.6815476190476191, 0.6815476190476191, 0.6815476190476191, 0.5416666666666666, 0.5734330484330484, 0.5416666666666666, 0.6815476190476191, 0.4791666666666667, 0.5, 0.6872895622895623, 0.5416666666666666, 0.5208333333333334, 0.6815476190476191, 0.6815476190476191, 0.40972222222222215, 0.5416666666666666, 0.6815476190476191, 0.6815476190476191, 0.6815476190476191, 0.6815476190476191, 0.5416666666666666, 0.5416666666666666, 0.5416666666666666, 0.5416666666666666)),
(0.425, 0.6234567901234568, 0.4583333333333333, 0.5625, 0.7384259259259259, 0.6180555555555555, 0.4791666666666667, 0.5, 0.6180555555555555, 0.3333333333333333, 0.6041666666666666, 0.6640211640211641, 0.7384259259259259, 0.7384259259259259, 0.4791666666666667, 0.4375, 0.5416666666666666, 0.6666666666666666, 0.7384259259259259, 0.6666666666666666, 0.5625, 0.4583333333333333, 0.5625, 0.7384259259259259, 0.4791666666666667, 0.5, 0.5, 0.6041666666666666, 0.6640211640211641, 0.7384259259259259, 0.7384259259259259, 0.4375, 0.6041666666666666, 0.7384259259259259, 0.7384259259259259, 0.6666666666666666, 0.7384259259259259, 0.5833333333333334, 0.5416666666666666, 0.5833333333333334, 0.6041666666666666)),
(0.5953703703703703, 0.4791666666666667, 0.4583333333333333, 0.5625, 0.7384259259259259, 0.6990740740740741, 0.4791666666666667, 0.5, 0.6990740740740741, 0.3333333333333333, 0.6041666666666666, 0.6640211640211641, 0.6666666666666666, 0.7384259259259259, 0.4791666666666667, 0.4375, 0.5416666666666666, 0.7384259259259259, 0.6666666666666666, 0.7384259259259259, 0.5625, 0.4583333333333333, 0.5625, 0.7384259259259259, 0.4791666666666667, 0.5, 0.5, 0.6041666666666666, 0.6640211640211641, 0.6666666666666666, 0.7384259259259259, 0.4375, 0.6041666666666666, 0.7384259259259259, 0.6666666666666666, 0.7384259259259259, 0.7384259259259259, 0.5833333333333334, 0.5416666666666666, 0.5833333333333334, 0.6041666666666666)),
(0.5953703703703703, 0.4791666666666667, 0.4583333333333333, 0.5625, 0.7384259259259259, 0.6990740740740741, 0.4791666666666667, 0.5, 0.6990740740740741, 0.3333333333333333, 0.6041666666666666, 0.6640211640211641, 0.6666666666666666, 0.7384259259259259, 0.4791666666666667, 0.4375, 0.5416666666666666, 0.7384259259259259, 0.6666666666666666, 0.7384259259259259, 0.5625, 0.4583333333333333, 0.5625, 0.7384259259259259, 0.4791666666666667, 0.5, 0.5, 0.6041666666666666, 0.6640211640211641, 0.6666666666666666, 0.7384259259259259, 0.4375, 0.6041666666666666, 0.7384259259259259, 0.6666666666666666, 0.7384259259259259, 0.7384259259259259, 0.5833333333333334, 0.5416666666666666, 0.5833333333333334, 0.6041666666666666)),
(0.4930555555555555, 0.4791666666666667, 0.4583333333333333, 0.5625, 0.7384259259259259, 0.6990740740740741, 0.4791666666666667, 0.5, 0.6990740740740741, 0.3333333333333333, 0.6041666666666666, 0.6640211640211641, 0.7384259259259259, 0.7384259259259259, 0.4791666666666667, 0.4375, 0.5416666666666666, 0.7384259259259259, 0.7384259259259259, 0.7384259259259259, 0.5625, 0.4583333333333333, 0.5625, 0.6666666666666666, 0.4791666666666667, 0.5, 0.5, 0.6041666666666666, 0.6640211640211641, 0.7384259259259259, 0.6666666666666666, 0.4375, 0.6041666666666666, 0.7384259259259259, 0.7384259259259259, 0.7384259259259259, 0.7384259259259259, 0.7245370370370371, 0.5416666666666666, 0.5833333333333334, 0.6041666666666666)),
(0.4375, 0.595117845117845, 0.49347966847966845, 0.5506313131313131, 0.4375, 0.4375, 0.5983337650004316, 0.5627104377104377, 0.4375, 0.5968434343434343, 0.4375, 0.6165848040848041, 0.4375, 0.4375, 0.6601430976430976, 0.4952570577570577, 0.5390993265993266, 0.4375, 0.4375, 0.4375, 0.5714646464646465, 0.49347966847966845, 0.5943181818181819, 0.4375, 0.5983337650004316, 0.5627104377104377, 0.5397727272727272, 0.4375, 0.6165848040848041, 0.4375, 0.4375, 0.6666666666666666, 0.40509259259259256, 0.4375, 0.4375, 0.4375, 0.4375, 0.5438131313131312, 0.5808501683501683, 0.4375, 0.4375)),
(0.4791666666666667, 0.5871913580246914, 0.5859093067426401, 0.6450617283950616, 0.4583333333333333, 0.4791666666666667, 0.5563271604938271, 0.4871913580246914, 0.4791666666666667, 0.435515873015873, 0.4791666666666667, 0.5244929453262787, 0.4791666666666667, 0.4583333333333333, 0.6319444444444443, 0.7182379349046015, 0.608641975308642, 0.4791666666666667, 0.4791666666666667, 0.4791666666666667, 0.6731481481481482, 0.5859093067426401, 0.4791666666666667, 0.4791666666666667, 0.5563271604938271, 0.4871913580246914, 0.45138888888888884, 0.4791666666666667, 0.5244929453262787, 0.4791666666666667, 0.4791666666666667, 0.5454167745834413, 0.4791666666666667, 0.4791666666666667, 0.4791666666666667, 0.4791666666666667, 0.4791666666666667, 0.4421296296296296, 0.6103395061728395, 0.6141975308641975, 0.4791666666666667)),
(0.5416666666666666, 0.4488636363636364, 0.572053872053872, 0.5416666666666666, 0.5416666666666666, 0.5416666666666666, 0.5819304152637487, 0.5768518518518518, 0.5416666666666666, 0.448539886039886, 0.5416666666666666, 0.4875, 0.5416666666666666, 0.5416666666666666, 0.5446428571428571, 0.4305555555555555, 0.6666666666666666, 0.5416666666666666, 0.5416666666666666, 0.5416666666666666, 0.6518518518518518, 0.572053872053872, 0.6717592592592592, 0.5416666666666666, 0.5819304152637487, 0.5768518518518518, 0.5768518518518518, 0.5416666666666666, 0.4875, 0.5416666666666666, 0.5416666666666666, 0.5390993265993266, 0.5416666666666666, 0.6815476190476191, 0.5416666666666666, 0.5416666666666666, 0.6815476190476191, 0.5439814814814815, 0.6018518518518517, 0.5416666666666666, 0.5416666666666666)),
(0.425, 0.6234567901234568, 0.4583333333333333, 0.5625, 0.7384259259259259, 0.6180555555555555, 0.4791666666666667, 0.5, 0.6180555555555555, 0.3333333333333333, 0.6041666666666666, 0.6640211640211641, 0.7384259259259259, 0.7384259259259259, 0.4791666666666667, 0.4375, 0.5416666666666666, 0.6666666666666666, 0.7384259259259259, 0.6666666666666666, 0.5625, 0.4583333333333333, 0.5625, 0.7384259259259259, 0.4791666666666667, 0.5, 0.5, 0.6041666666666666, 0.6640211640211641, 0.7384259259259259, 0.7384259259259259, 0.4375, 0.6041666666666666, 0.7384259259259259, 0.7384259259259259, 0.6666666666666666, 0.7384259259259259, 0.5833333333333334, 0.5416666666666666, 0.5833333333333334, 0.6041666666666666)),
(0.4791666666666667, 0.7044753086419752, 0.5837250712250712, 0.6123456790123457, 0.4791666666666667, 0.4791666666666667, 0.6441638608305275, 0.6714506172839506, 0.4791666666666667, 0.47241215574548906, 0.4791666666666667, 0.6166005291005291, 0.4791666666666667, 0.4791666666666667, 0.6054994388327722, 0.5630557713891048, 0.4488636363636364, 0.4791666666666667, 0.4791666666666667, 0.4791666666666667, 0.5924382716049382, 0.5837250712250712, 0.5899691358024691, 0.4791666666666667, 0.6441638608305275, 0.6714506172839506, 0.5989057239057239, 0.4791666666666667, 0.6166005291005291, 0.4791666666666667, 0.4791666666666667, 0.595117845117845, 0.46296296296296297, 0.4791666666666667, 0.4791666666666667, 0.4791666666666667, 0.4791666666666667, 0.4458333333333333, 0.4458333333333333, 0.6179012345679012, 0.5793650793650793)),
(0.4791666666666667, 0.5871913580246914, 0.6083333333333333, 0.6177469135802469, 0.4791666666666667, 0.4791666666666667, 0.5648148148148148, 0.5887345679012346, 0.4791666666666667, 0.40438034188034183, 0.4791666666666667, 0.6090267756934423, 0.4791666666666667, 0.4791666666666667, 0.5655864197530863, 0.5675645342312009, 0.608641975308642, 0.4791666666666667, 0.4791666666666667, 0.4791666666666667, 0.6731481481481482, 0.6083333333333333, 0.6270061728395061, 0.4791666666666667, 0.5648148148148148, 0.5887345679012346, 0.5559062850729517, 0.4791666666666667, 0.6090267756934423, 0.4791666666666667, 0.4791666666666667, 0.5009820426487094, 0.6188271604938271, 0.4791666666666667, 0.4791666666666667, 0.4791666666666667, 0.4791666666666667, 0.6141975308641975, 0.6412037037037037, 0.5733024691358025, 0.6188271604938271)),
(0.5625, 0.5790123456790123, 0.6410353535353536, 0.5625, 0.5625, 0.5625, 0.5546156004489338, 0.6377525252525252, 0.5625, 0.4804843304843305, 0.5277777777777778, 0.6757275132275132, 0.5625, 0.5625, 0.6177469135802469, 0.4375, 0.6717592592592592, 0.5625, 0.5625, 0.5625, 0.6880952380952382, 0.6410353535353536, 0.6666666666666666, 0.5625, 0.5546156004489338, 0.6377525252525252, 0.6013888888888889, 0.5277777777777778, 0.6757275132275132, 0.5625, 0.5625, 0.5943181818181819, 0.5625, 0.5625, 0.5625, 0.5625, 0.5625, 0.4672619047619048, 0.6598544973544973, 0.6492063492063492, 0.6425925925925925)]

Schema matching for minimum combination strategy by tresholding with value 0.5
UID: CID(0.5), PIID(0.5), PIID(0.5), OID(0.5), CID(0.5), PID(0.5), OID(0.5), PID(0.5), OID(0.5), AID(0.5), OID(0.5), PID(0.5), AID(0.5), User(0.5277777777777777)
name: nurishment(0.5625), nurishment(0.5625), CCNumber(0.5833333333333333), Sum(0.5277777777777777), User(0.5)
CCInfo: CID(0.6666666666666666), OID(0.5), CID(0.6666666666666666), PID(0.5), OID(0.5), PID(0.5), UID(0.5), CCNumber(0.5277777777777777), OID(0.5), UID(0.5), AID(0.5), OID(0.5), PID(0.5), AID(0.5)
PID: CID(0.5), OID(0.5), CID(0.5), OID(0.5), UID(0.5), OID(0.5), UID(0.5), AID(0.5), OID(0.5), AID(0.5)
OID: CID(0.5), PIID(0.5), PIID(0.5), CID(0.5), PID(0.5), PID(0.5), UID(0.5), UID(0.5), AID(0.5), PID(0.5), AID(0.5)
OID: CID(0.5), PIID(0.5), PIID(0.5), CID(0.5), PID(0.5), PID(0.5), UID(0.5), UID(0.5), AID(0.5), PID(0.5), AID(0.5)
UID: CID(0.5), PIID(0.5), PIID(0.5), OID(0.5), CID(0.5), PID(0.5), OID(0.5), PID(0.5), OID(0.5), AID(0.5), OID(0.5), PID(0.5), AID(0.5), User(0.5277777777777777)
orderNumber: PizzaName(0.5), FirstName(0.5), orderCode(0.5555555555555556), FirstName(0.5)
totalCost: orderCode(0.5555555555555555), totalAmount(0.6), title(0.625), street(0.5185185185185185)
Adress: FirstName(0.5), orderCode(0.5), price(0.5777777777777777), FirstName(0.5), AID(0.5), AID(0.5), street(0.5)
PID: CID(0.5), OID(0.5), CID(0.5), OID(0.5), UID(0.5), OID(0.5), UID(0.5), AID(0.5), OID(0.5), AID(0.5)
pizzaName: FirstName(0.5454545454545454), LastName(0.6), expDate(0.5625), price(0.5407407407407407), FirstName(0.5454545454545454), LastName(0.6), CCNumber(0.5), expDate(0.5625), orderNumber(0.5), zip(0.5)
nutrition: nurishment(0.5), total(0.5407407407407407), totalAmount(0.5), title(0.625), nurishment(0.5), price(0.5407407407407407), street(0.5625)
price: nurishment(0.5625), expDate(0.5619047619047619), orderCode(0.5407407407407407), Adress(0.5777777777777777), title(0.6), nurishment(0.5625), expDate(0.5619047619047619), street(0.5777777777777777), zip(0.5111111111111111)

Schema matching for maximum combination strategy by tresholding with value 0.5
UID: SOPID(0.8125), PizzaName(1.0), nurishment(1.0), total(1.0), CID(0.9375), PIID(0.875), FirstName(1.0), LastName(1.0), PIID(0.875), CreditCardNumber(1.0), ccv(1.0), expDate(0.875), OID(0.9375), CID(0.9375), orderCode(1.0), totalAmount(1.0), Adress(1.0), PID(0.9375), OID(0.9375), PID(0.9375), title(1.0), nurishment(1.0), price(1.0), UID(1.0), FirstName(1.0), LastName(1.0), CCNumber(1.0), ccv(1.0), expDate(0.875), OID(0.9375), UID(1.0), orderNumber(1.0), Sum(1.0), AID(0.9375), OID(0.9375), PID(0.9375), AID(0.9375), User(0.8333333333333334), street(1.0), city(1.0), zip(1.0)
name: SOPID(1.0), PizzaName(0.625), nurishment(0.7), total(0.8571428571428571), CID(1.0), PIID(1.0), FirstName(0.7), LastName(0.6875), PIID(1.0), CreditCardNumber(0.75), ccv(1.0), expDate(0.75), OID(1.0), CID(1.0), orderCode(0.875), totalAmount(0.6666666666666666), Adress(0.875), PID(1.0), OID(1.0), PID(1.0), title(0.8571428571428571), nurishment(0.7), price(0.875), UID(1.0), FirstName(0.7), LastName(0.6875), CCNumber(0.7777777777777778), ccv(1.0), expDate(0.75), OID(1.0), UID(1.0), orderNumber(0.8), Sum(0.8333333333333334), AID(1.0), OID(1.0), PID(1.0), AID(1.0), User(0.8571428571428571), street(0.8571428571428571), city(1.0), zip(1.0)
CCInfo: SOPID(0.8888888888888888), PizzaName(1.0), nurishment(0.9230769230769231), total(0.875), CID(0.75), PIID(0.8571428571428571), FirstName(1.0), LastName(1.0), PIID(0.8571428571428571), CreditCardNumber(0.9333333333333333), ccv(1.0), expDate(1.0), OID(0.8571428571428571), CID(0.75), orderCode(0.75), totalAmount(0.8181818181818182), Adress(1.0), PID(0.8571428571428571), OID(0.8571428571428571), PID(0.8571428571428571), title(1.0), nurishment(0.9230769230769231), price(1.0), UID(0.8571428571428571), FirstName(1.0), LastName(1.0), CCNumber(0.9090909090909091), ccv(1.0), expDate(1.0), OID(0.8571428571428571), UID(0.8571428571428571), orderNumber(0.9166666666666666), Sum(1.0), AID(0.8571428571428571), OID(0.8571428571428571), PID(0.8571428571428571), AID(0.8571428571428571), User(1.0), street(1.0), city(1.0), zip(1.0)
PID: SOPID(0.875), PizzaName(0.8888888888888888), nurishment(1.0), total(1.0), CID(0.9375), PIID(0.9375), FirstName(1.0), LastName(1.0), PIID(0.9375), CreditCardNumber(1.0), ccv(1.0), expDate(0.875), OID(0.9375), CID(0.9375), orderCode(1.0), totalAmount(1.0), Adress(1.0), PID(1.0), OID(0.9375), PID(1.0), title(1.0), nurishment(1.0), price(1.0), UID(0.9375), FirstName(1.0), LastName(1.0), CCNumber(1.0), ccv(1.0), expDate(0.875), OID(0.9375), UID(0.9375), orderNumber(1.0), Sum(1.0), AID(0.9375), OID(0.9375), PID(1.0), AID(0.9375), User(1.0), street(1.0), city(1.0), zip(1.0)
OID: SOPID(0.875), PizzaName(1.0), nurishment(1.0), total(1.0), CID(0.9375), PIID(0.875), FirstName(1.0), LastName(1.0), PIID(0.875), CreditCardNumber(1.0), ccv(1.0), expDate(0.875), OID(1.0), CID(0.9375), orderCode(1.0), totalAmount(1.0), Adress(1.0), PID(0.9375), OID(1.0), PID(0.9375), title(1.0), nurishment(1.0), price(1.0), UID(0.9375), FirstName(1.0), LastName(1.0), CCNumber(1.0), ccv(1.0), expDate(0.875), OID(1.0), UID(0.9375), orderNumber(1.0), Sum(1.0), AID(0.9375), OID(1.0), PID(0.9375), AID(0.9375), User(1.0), street(1.0), city(1.0), zip(1.0)
OID: SOPID(0.875), PizzaName(1.0), nurishment(1.0), total(1.0), CID(0.9375), PIID(0.875), FirstName(1.0), LastName(1.0), PIID(0.875), CreditCardNumber(1.0), ccv(1.0), expDate(0.875), OID(1.0), CID(0.9375), orderCode(1.0), totalAmount(1.0), Adress(1.0), PID(0.9375), OID(1.0), PID(0.9375), title(1.0), nurishment(1.0), price(1.0), UID(0.9375), FirstName(1.0), LastName(1.0), CCNumber(1.0), ccv(1.0), expDate(0.875), OID(1.0), UID(0.9375), orderNumber(1.0), Sum(1.0), AID(0.9375), OID(1.0), PID(0.9375), AID(0.9375), User(1.0), street(1.0), city(1.0), zip(1.0)
UID: SOPID(0.8125), PizzaName(1.0), nurishment(1.0), total(1.0), CID(0.9375), PIID(0.875), FirstName(1.0), LastName(1.0), PIID(0.875), CreditCardNumber(1.0), ccv(1.0), expDate(0.875), OID(0.9375), CID(0.9375), orderCode(1.0), totalAmount(1.0), Adress(1.0), PID(0.9375), OID(0.9375), PID(0.9375), title(1.0), nurishment(1.0), price(1.0), UID(1.0), FirstName(1.0), LastName(1.0), CCNumber(1.0), ccv(1.0), expDate(0.875), OID(0.9375), UID(1.0), orderNumber(1.0), Sum(1.0), AID(0.9375), OID(0.9375), PID(0.9375), AID(0.9375), User(0.8333333333333334), street(1.0), city(1.0), zip(1.0)
orderNumber: SOPID(1.0), PizzaName(0.75), nurishment(0.6923076923076923), total(0.9090909090909091), CID(1.0), PIID(1.0), FirstName(0.6923076923076923), LastName(0.75), PIID(1.0), CreditCardNumber(0.8113636363636363), ccv(1.0), expDate(0.9230769230769231), OID(1.0), CID(1.0), orderCode(0.7373737373737372), totalAmount(0.7692307692307693), Adress(0.7), PID(1.0), OID(1.0), PID(1.0), title(0.9090909090909091), nurishment(0.6923076923076923), price(0.8181818181818182), UID(1.0), FirstName(0.6923076923076923), LastName(0.75), CCNumber(0.6875), ccv(1.0), expDate(0.9230769230769231), OID(1.0), UID(1.0), orderNumber(1.0), Sum(0.7777777777777778), AID(1.0), OID(1.0), PID(1.0), AID(1.0), User(0.8), street(0.8), city(1.0), zip(1.0)
totalCost: SOPID(1.0), PizzaName(0.9166666666666666), nurishment(0.8461538461538461), total(0.8518518518518517), CID(0.875), PIID(1.0), FirstName(0.75), LastName(0.7), PIID(1.0), CreditCardNumber(0.7857142857142857), ccv(1.0), expDate(0.8), OID(1.0), CID(0.875), orderCode(0.7777777777777778), totalAmount(0.8047138047138047), Adress(0.9), PID(1.0), OID(1.0), PID(1.0), title(0.75), nurishment(0.8461538461538461), price(1.0), UID(1.0), FirstName(0.75), LastName(0.7), CCNumber(0.9166666666666666), ccv(1.0), expDate(0.8), OID(1.0), UID(1.0), orderNumber(0.9230769230769231), Sum(1.0), AID(1.0), OID(1.0), PID(1.0), AID(1.0), User(0.8888888888888888), street(0.75), city(0.8888888888888888), zip(1.0)
Adress: SOPID(1.0), PizzaName(0.9090909090909091), nurishment(0.7272727272727273), total(1.0), CID(1.0), PIID(1.0), FirstName(0.7272727272727273), LastName(0.8), PIID(1.0), CreditCardNumber(0.7692307692307693), ccv(1.0), expDate(0.9), OID(1.0), CID(1.0), orderCode(0.5714285714285714), totalAmount(0.9166666666666666), Adress(1.0), PID(1.0), OID(1.0), PID(1.0), title(0.875), nurishment(0.7272727272727273), price(0.75), UID(1.0), FirstName(0.7272727272727273), LastName(0.8), CCNumber(0.8), ccv(1.0), expDate(0.9), OID(1.0), UID(1.0), orderNumber(0.7), Sum(1.0), AID(0.8571428571428571), OID(1.0), PID(1.0), AID(0.8571428571428571), User(0.6875), street(0.75), city(1.0), zip(1.0)
PID: SOPID(0.875), PizzaName(0.8888888888888888), nurishment(1.0), total(1.0), CID(0.9375), PIID(0.9375), FirstName(1.0), LastName(1.0), PIID(0.9375), CreditCardNumber(1.0), ccv(1.0), expDate(0.875), OID(0.9375), CID(0.9375), orderCode(1.0), totalAmount(1.0), Adress(1.0), PID(1.0), OID(0.9375), PID(1.0), title(1.0), nurishment(1.0), price(1.0), UID(0.9375), FirstName(1.0), LastName(1.0), CCNumber(1.0), ccv(1.0), expDate(0.875), OID(0.9375), UID(0.9375), orderNumber(1.0), Sum(1.0), AID(0.9375), OID(0.9375), PID(1.0), AID(0.9375), User(1.0), street(1.0), city(1.0), zip(1.0)
pizzaName: SOPID(1.0), PizzaName(0.9375), nurishment(0.7692307692307693), total(0.9), CID(1.0), PIID(1.0), FirstName(0.75), LastName(0.7268518518518517), PIID(1.0), CreditCardNumber(0.6153846153846154), ccv(1.0), expDate(0.7), OID(1.0), CID(1.0), orderCode(0.9090909090909091), totalAmount(0.8461538461538461), Adress(0.9090909090909091), PID(1.0), OID(1.0), PID(1.0), title(0.7777777777777778), nurishment(0.7692307692307693), price(0.6666666666666666), UID(1.0), FirstName(0.75), LastName(0.7268518518518517), CCNumber(0.7272727272727273), ccv(1.0), expDate(0.7), OID(1.0), UID(1.0), orderNumber(0.75), Sum(0.8888888888888888), AID(1.0), OID(1.0), PID(1.0), AID(1.0), User(0.9), street(0.9), city(0.9), zip(0.6666666666666666)
nutrition: SOPID(1.0), PizzaName(0.9166666666666666), nurishment(0.7), total(0.75), CID(1.0), PIID(1.0), FirstName(0.75), LastName(0.9166666666666666), PIID(1.0), CreditCardNumber(0.6923076923076923), ccv(1.0), expDate(0.9090909090909091), OID(1.0), CID(1.0), orderCode(0.7777777777777778), totalAmount(0.6026936026936026), Adress(0.9), PID(1.0), OID(1.0), PID(1.0), title(0.75), nurishment(0.7), price(0.7777777777777778), UID(1.0), FirstName(0.75), LastName(0.9166666666666666), CCNumber(0.8181818181818182), ccv(1.0), expDate(0.9090909090909091), OID(1.0), UID(1.0), orderNumber(0.7272727272727273), Sum(0.875), AID(1.0), OID(1.0), PID(1.0), AID(1.0), User(0.8888888888888888), street(0.75), city(0.75), zip(0.875)
price: SOPID(1.0), PizzaName(0.8), nurishment(0.7272727272727273), total(1.0), CID(1.0), PIID(1.0), FirstName(0.7272727272727273), LastName(0.9090909090909091), PIID(1.0), CreditCardNumber(0.7692307692307693), ccv(0.8333333333333334), expDate(0.7777777777777778), OID(1.0), CID(1.0), orderCode(0.75), totalAmount(1.0), Adress(0.75), PID(1.0), OID(1.0), PID(1.0), title(0.75), nurishment(0.7272727272727273), price(1.0), UID(1.0), FirstName(0.7272727272727273), LastName(0.9090909090909091), CCNumber(0.8), ccv(0.8333333333333334), expDate(0.7777777777777778), OID(1.0), UID(1.0), orderNumber(0.8181818181818182), Sum(1.0), AID(1.0), OID(1.0), PID(1.0), AID(1.0), User(0.7142857142857143), street(0.7142857142857143), city(0.75), zip(0.75)

Schema matching for average combination strategy by tresholding with value 0.5
UID: total(0.5625), CID(0.7384259259259259), PIID(0.6990740740740741), LastName(0.5), PIID(0.6990740740740741), ccv(0.6041666666666666), expDate(0.6640211640211641), OID(0.7384259259259259), CID(0.7384259259259259), Adress(0.5416666666666666), PID(0.7384259259259259), OID(0.7384259259259259), PID(0.7384259259259259), title(0.5625), price(0.5625), UID(0.6666666666666666), LastName(0.5), CCNumber(0.5), ccv(0.6041666666666666), expDate(0.6640211640211641), OID(0.7384259259259259), UID(0.6666666666666666), Sum(0.6041666666666666), AID(0.7384259259259259), OID(0.7384259259259259), PID(0.7384259259259259), AID(0.7384259259259259), User(0.7245370370370371), street(0.5416666666666666), city(0.5833333333333334), zip(0.6041666666666666)
name: SOPID(0.5625), PizzaName(0.5679012345679012), nurishment(0.648611111111111), total(0.5148809523809524), CID(0.5833333333333334), PIID(0.5833333333333334), LastName(0.5902777777777778), PIID(0.5833333333333334), ccv(0.5833333333333334), OID(0.5833333333333334), CID(0.5833333333333334), orderCode(0.6095679012345679), totalAmount(0.5549242424242423), Adress(0.6782407407407408), PID(0.5833333333333334), OID(0.5833333333333334), PID(0.5833333333333334), title(0.6968253968253969), nurishment(0.648611111111111), price(0.7027777777777778), UID(0.5833333333333334), LastName(0.5902777777777778), CCNumber(0.6620370370370371), ccv(0.5833333333333334), OID(0.5833333333333334), UID(0.5833333333333334), orderNumber(0.561489898989899), Sum(0.7245370370370371), AID(0.5833333333333334), OID(0.5833333333333334), PID(0.5833333333333334), AID(0.5833333333333334), User(0.7023809523809524), street(0.6722883597883597), city(0.5833333333333334), zip(0.5833333333333334)
CCInfo: SOPID(0.6564814814814814), nurishment(0.5734330484330484), total(0.5), CID(0.6944444444444443), PIID(0.6722883597883597), LastName(0.5), PIID(0.6722883597883597), CreditCardNumber(0.5148148148148147), ccv(0.5416666666666666), expDate(0.5208333333333334), OID(0.6815476190476191), CID(0.6944444444444443), orderCode(0.5586419753086419), totalAmount(0.5374579124579125), Adress(0.5416666666666666), PID(0.6815476190476191), OID(0.6815476190476191), PID(0.6815476190476191), title(0.5416666666666666), nurishment(0.5734330484330484), price(0.5416666666666666), UID(0.6815476190476191), LastName(0.5), CCNumber(0.6872895622895623), ccv(0.5416666666666666), expDate(0.5208333333333334), OID(0.6815476190476191), UID(0.6815476190476191), Sum(0.5416666666666666), AID(0.6815476190476191), OID(0.6815476190476191), PID(0.6815476190476191), AID(0.6815476190476191), User(0.5416666666666666), street(0.5416666666666666), city(0.5416666666666666), zip(0.5416666666666666)
PID: PizzaName(0.6234567901234568), total(0.5625), CID(0.7384259259259259), PIID(0.6180555555555555), LastName(0.5), PIID(0.6180555555555555), ccv(0.6041666666666666), expDate(0.6640211640211641), OID(0.7384259259259259), CID(0.7384259259259259), Adress(0.5416666666666666), PID(0.6666666666666666), OID(0.7384259259259259), PID(0.6666666666666666), title(0.5625), price(0.5625), UID(0.7384259259259259), LastName(0.5), CCNumber(0.5), ccv(0.6041666666666666), expDate(0.6640211640211641), OID(0.7384259259259259), UID(0.7384259259259259), Sum(0.6041666666666666), AID(0.7384259259259259), OID(0.7384259259259259), PID(0.6666666666666666), AID(0.7384259259259259), User(0.5833333333333334), street(0.5416666666666666), city(0.5833333333333334), zip(0.6041666666666666)
OID: SOPID(0.5953703703703703), total(0.5625), CID(0.7384259259259259), PIID(0.6990740740740741), LastName(0.5), PIID(0.6990740740740741), ccv(0.6041666666666666), expDate(0.6640211640211641), OID(0.6666666666666666), CID(0.7384259259259259), Adress(0.5416666666666666), PID(0.7384259259259259), OID(0.6666666666666666), PID(0.7384259259259259), title(0.5625), price(0.5625), UID(0.7384259259259259), LastName(0.5), CCNumber(0.5), ccv(0.6041666666666666), expDate(0.6640211640211641), OID(0.6666666666666666), UID(0.7384259259259259), Sum(0.6041666666666666), AID(0.7384259259259259), OID(0.6666666666666666), PID(0.7384259259259259), AID(0.7384259259259259), User(0.5833333333333334), street(0.5416666666666666), city(0.5833333333333334), zip(0.6041666666666666)
OID: SOPID(0.5953703703703703), total(0.5625), CID(0.7384259259259259), PIID(0.6990740740740741), LastName(0.5), PIID(0.6990740740740741), ccv(0.6041666666666666), expDate(0.6640211640211641), OID(0.6666666666666666), CID(0.7384259259259259), Adress(0.5416666666666666), PID(0.7384259259259259), OID(0.6666666666666666), PID(0.7384259259259259), title(0.5625), price(0.5625), UID(0.7384259259259259), LastName(0.5), CCNumber(0.5), ccv(0.6041666666666666), expDate(0.6640211640211641), OID(0.6666666666666666), UID(0.7384259259259259), Sum(0.6041666666666666), AID(0.7384259259259259), OID(0.6666666666666666), PID(0.7384259259259259), AID(0.7384259259259259), User(0.5833333333333334), street(0.5416666666666666), city(0.5833333333333334), zip(0.6041666666666666)
UID: total(0.5625), CID(0.7384259259259259), PIID(0.6990740740740741), LastName(0.5), PIID(0.6990740740740741), ccv(0.6041666666666666), expDate(0.6640211640211641), OID(0.7384259259259259), CID(0.7384259259259259), Adress(0.5416666666666666), PID(0.7384259259259259), OID(0.7384259259259259), PID(0.7384259259259259), title(0.5625), price(0.5625), UID(0.6666666666666666), LastName(0.5), CCNumber(0.5), ccv(0.6041666666666666), expDate(0.6640211640211641), OID(0.7384259259259259), UID(0.6666666666666666), Sum(0.6041666666666666), AID(0.7384259259259259), OID(0.7384259259259259), PID(0.7384259259259259), AID(0.7384259259259259), User(0.7245370370370371), street(0.5416666666666666), city(0.5833333333333334), zip(0.6041666666666666)
orderNumber: PizzaName(0.595117845117845), total(0.5506313131313131), FirstName(0.5983337650004316), LastName(0.5627104377104377), CreditCardNumber(0.5968434343434343), expDate(0.6165848040848041), orderCode(0.6601430976430976), Adress(0.5390993265993266), title(0.5714646464646465), price(0.5943181818181819), FirstName(0.5983337650004316), LastName(0.5627104377104377), CCNumber(0.5397727272727272), expDate(0.6165848040848041), orderNumber(0.6666666666666666), User(0.5438131313131312), street(0.5808501683501683)
totalCost: PizzaName(0.5871913580246914), nurishment(0.5859093067426401), total(0.6450617283950616), FirstName(0.5563271604938271), expDate(0.5244929453262787), orderCode(0.6319444444444443), totalAmount(0.7182379349046015), Adress(0.608641975308642), title(0.6731481481481482), nurishment(0.5859093067426401), FirstName(0.5563271604938271), expDate(0.5244929453262787), orderNumber(0.5454167745834413), street(0.6103395061728395), city(0.6141975308641975)
Adress: SOPID(0.5416666666666666), nurishment(0.572053872053872), total(0.5416666666666666), CID(0.5416666666666666), PIID(0.5416666666666666), FirstName(0.5819304152637487), LastName(0.5768518518518518), PIID(0.5416666666666666), ccv(0.5416666666666666), OID(0.5416666666666666), CID(0.5416666666666666), orderCode(0.5446428571428571), Adress(0.6666666666666666), PID(0.5416666666666666), OID(0.5416666666666666), PID(0.5416666666666666), title(0.6518518518518518), nurishment(0.572053872053872), price(0.6717592592592592), UID(0.5416666666666666), FirstName(0.5819304152637487), LastName(0.5768518518518518), CCNumber(0.5768518518518518), ccv(0.5416666666666666), OID(0.5416666666666666), UID(0.5416666666666666), orderNumber(0.5390993265993266), Sum(0.5416666666666666), AID(0.6815476190476191), OID(0.5416666666666666), PID(0.5416666666666666), AID(0.6815476190476191), User(0.5439814814814815), street(0.6018518518518517), city(0.5416666666666666), zip(0.5416666666666666)
PID: PizzaName(0.6234567901234568), total(0.5625), CID(0.7384259259259259), PIID(0.6180555555555555), LastName(0.5), PIID(0.6180555555555555), ccv(0.6041666666666666), expDate(0.6640211640211641), OID(0.7384259259259259), CID(0.7384259259259259), Adress(0.5416666666666666), PID(0.6666666666666666), OID(0.7384259259259259), PID(0.6666666666666666), title(0.5625), price(0.5625), UID(0.7384259259259259), LastName(0.5), CCNumber(0.5), ccv(0.6041666666666666), expDate(0.6640211640211641), OID(0.7384259259259259), UID(0.7384259259259259), Sum(0.6041666666666666), AID(0.7384259259259259), OID(0.7384259259259259), PID(0.6666666666666666), AID(0.7384259259259259), User(0.5833333333333334), street(0.5416666666666666), city(0.5833333333333334), zip(0.6041666666666666)
pizzaName: PizzaName(0.7044753086419752), nurishment(0.5837250712250712), total(0.6123456790123457), FirstName(0.6441638608305275), LastName(0.6714506172839506), expDate(0.6166005291005291), orderCode(0.6054994388327722), totalAmount(0.5630557713891048), title(0.5924382716049382), nurishment(0.5837250712250712), price(0.5899691358024691), FirstName(0.6441638608305275), LastName(0.6714506172839506), CCNumber(0.5989057239057239), expDate(0.6166005291005291), orderNumber(0.595117845117845), city(0.6179012345679012), zip(0.5793650793650793)
nutrition: PizzaName(0.5871913580246914), nurishment(0.6083333333333333), total(0.6177469135802469), FirstName(0.5648148148148148), LastName(0.5887345679012346), expDate(0.6090267756934423), orderCode(0.5655864197530863), totalAmount(0.5675645342312009), Adress(0.608641975308642), title(0.6731481481481482), nurishment(0.6083333333333333), price(0.6270061728395061), FirstName(0.5648148148148148), LastName(0.5887345679012346), CCNumber(0.5559062850729517), expDate(0.6090267756934423), orderNumber(0.5009820426487094), Sum(0.6188271604938271), User(0.6141975308641975), street(0.6412037037037037), city(0.5733024691358025), zip(0.6188271604938271)
price: SOPID(0.5625), PizzaName(0.5790123456790123), nurishment(0.6410353535353536), total(0.5625), CID(0.5625), PIID(0.5625), FirstName(0.5546156004489338), LastName(0.6377525252525252), PIID(0.5625), ccv(0.5277777777777778), expDate(0.6757275132275132), OID(0.5625), CID(0.5625), orderCode(0.6177469135802469), Adress(0.6717592592592592), PID(0.5625), OID(0.5625), PID(0.5625), title(0.6880952380952382), nurishment(0.6410353535353536), price(0.6666666666666666), UID(0.5625), FirstName(0.5546156004489338), LastName(0.6377525252525252), CCNumber(0.6013888888888889), ccv(0.5277777777777778), expDate(0.6757275132275132), OID(0.5625), UID(0.5625), orderNumber(0.5943181818181819), Sum(0.5625), AID(0.5625), OID(0.5625), PID(0.5625), AID(0.5625), street(0.6598544973544973), city(0.6492063492063492), zip(0.6425925925925925)